10
-0.250505103214 0.471305907936 2.5E-06 -0.0339684649731 0.487478840427
-0.0379450043052 0.155894645877 2.5E-06 -0.244142189757 -0.531162922803
0.100411055409 -0.408069375734 2.5E-06 -0.343922800358 -0.463425126858
-0.13885298449 -0.0935559708996 2.5E-06 0.316810326149 0.0303001474207
-0.219739572903 -0.481683778421 2.5E-06 0.0793644401638 0.184644858292
0.123555539286 -0.264332996104 2.5E-06 -0.553900821439 0.401787573739
0.634357508329 0.133762960911 2.5E-06 0.564476702088 0.135226421565
-0.0480328809461 0.432783279336 2.5E-06 -0.497937491247 0.482260883267
-0.586874010494 0.276544187084 2.5E-06 -0.173501451032 0.632632843114
0.128858808065 -0.335075356116 2.5E-06 -0.526646784248 0.22512093519
