
695 
671 
681 
559 
500 
612 
459 
509 
461 
394 
369 
395 
348 
343 
381 
347 
397 
353 
299 
333 
341 
267 
322 
278 
232 
258 
282 
255 
251 
248 
288 
280 
245 
275 
252 
272 
196 
193 
190 
212 
208 
213 
213 
217 
203 
199 
210 
197 
187 
185 
213 
227 
223 
186 
211 
219 
226 
209 
227 
224 
160 
148 
172 
175 
159 
162 
164 
179 
152 
149 
159 
172 
176 
191 
159 
170 
170 
153 
169 
164 
168 
161 
188 
151 
157 
157 
158 
185 
168 
184 
172 
156 
159 
192 
186 
189 
178 
163 
157 
185 
168 
157 
165 
181 
170 
171 
170 
178 
180 
191 
189 
180 
167 
164 
183 
178 
180 
191 
170 
194 
167 
175 
170 
185 
178 
198 
197 
177 
172 
179 
203 
189 
139 
151 
121 
